1316 756 5076
2891 4779 3969
5340 7921 5340
98 5390 55
3600 5520 3105
3610 1615 646
584 2774 304
3312 4692 1836
840 224 240
9702 8526 8613
3968 2560 2480
7663 8439 6873
184 6348 138
5312 5760 7470
3024 1548 3612
240 5340 356
6320 6083 6160
135 450 750
5368 976 1408
2244 3740 1815
66 660 40
7920 6248 6390
3312 1800 4600
72 124 558
418 912 264
4554 3588 3432
770 3245 826
2352 980 2940
208 220 2860
1365 861 2665
1863 2511 6417
9118 485 470
270 918 85
95 1349 355
120 48 360
3854 799 1394
1722 2460 2520
220 1100 125
2046 4712 2508
4860 4482 7470
672 224 588
2700 3690 1230
781 88 568
221 884 676
96 82 1968
3895 3444 7980
3936 2788 1632
295 1180 100
7268 1896 2208
6175 5525 8075
581 406 4814
112 1848 264
5103 6885 5355
2262 2900 7800
58 1334 23
325 6500 500
400 1920 480
28 140 980
130 740 962
3500 3300 1155
3485 6205 2993
400 7040 440
1849 2279 2279
640 5760 900
1836 272 108
299 624 1104
415 3901 235
656 80 205
7469 873 693
1220 2684 880
3894 198 177
1034 2350 1100
117 3861 297
2632 3760 1120
2068 1606 6862
232 2001 552
5963 7387 5561
6880 8084 7520
1365 3055 987
1491 781 231
7410 7600 6240
640 1184 2960
2835 1440 2016
2600 2000 520
780 990 3432
5358 7896 4788
6216 1998 2268
2442 74 33
3465 693 405
3068 5200 5900
39 624 16
1242 2116 1242
952 1680 2040
3936 4800 8200
1606 1166 3869
204 117 2652
261 3915 135
3686 1938 4947
2730 2490 7553
1320 384 880
