21 17
39 14
24 21
25 19
50 16
21 20
13 20
11 14
58 2
25 4
41 18
25 6
54 13
58 5
21 8
35 19
38 10
32 13
14 19
39 11
51 6
28 11
37 14
44 15
52 17
48 10
18 18
15 9
7 7
11 5
57 11
9 9
5 10
49 7
11 11
18 13
59 17
38 14
57 2
47 9
26 4
51 21
47 21
51 15
37 20
17 10
57 4
12 17
41 17
34 21
44 2
25 19
13 21
22 7
39 2
41 11
47 7
7 13
40 12
19 15
9 9
31 7
21 15
46 6
54 21
57 9
58 15
29 18
6 11
51 8
54 6
26 14
42 4
59 18
11 12
58 20
9 21
28 2
50 6
31 20
21 7
53 6
50 4
40 15
7 14
16 3
34 6
30 11
42 20
29 9
7 18
47 4
56 3
13 21
45 11
42 21
28 12
50 4
36 17
33 17
