1
3
4
4
6
10
7
9
16
10
12
22
13
15
28
16
18
34
19
21
40
22
24
46
25
27
52
28
30
58
31
33
64
34
36
70
37
39
76
40
42
82
43
45
88
46
48
94
49
51
100
52
54
106
55
57
112
58
60
118
61
63
124
64
66
130
67
69
136
70
72
142
73
75
148
76
78
154
79
81
160
82
84
166
85
87
172
88
90
178
91
93
184
94
96
190
97
99
196
100
102
202
103
105
208
106
108
214
109
111
220
112
114
226
115
117
232
118
120
238
121
123
244
124
126
250
127
129
256
130
132
262
133
135
268
136
138
274
139
141
280
142
144
286
145
147
292
148
150
298
151
153
304
154
156
310
157
159
316
160
162
322
163
165
328
166
168
334
169
171
340
172
174
346
175
177
352
178
180
358
181
183
364
184
186
370
187
189
376
190
192
382
193
195
388
196
198
394
199
201
400
202
204
406
205
207
412
208
210
418
211
213
424
214
216
430
217
219
436
220
222
442
223
225
448
226
228
454
229
231
460
232
234
466
235
237
472
238
240
478
241
243
484
244
246
490
247
249
496
250
252
502
253
255
508
256
258
514
259
261
520
262
264
526
265
267
532
268
270
538
271
273
544
274
276
550
277
279
556
280
282
562
283
285
568
286
288
574
289
291
580
292
294
586
295
297
592
298
300
598
301
303
604
304
306
610
307
309
616
310
312
622
313
315
628
316
318
634
319
321
640
322
324
646
325
327
652
328
330
658
331
333
664
334
336
670
337
339
676
340
342
682
343
345
688
346
348
694
349
351
700
352
354
706
355
357
712
358
360
718
361
363
724
364
366
730
367
369
736
370
372
742
373
375
748
376
378
754
379
381
760
382
384
766
385
387
772
388
390
778
391
393
784
394
396
790
397
399
796
400
402