12  5
  34 678 1011
        9    121314151617    20
                         1819  212223  2526
                                     24    272829303132    35
                                                       3334  363738  4041
                                                                   39    424344454647    50
                                                                                     4849  515253  5556
                                                                                                 54    575859606162    65
                                                                                                                   6364  666768  7071
                                                                                                                               69    727374757677    80
                                                                                                                                                 7879  818283  8586
                                                                                                                                                             84    878889909192    95
                                                                                                                                                                               9394  969798  100
                                                                                                                                                                                           99